from,to,cost
0,2,828.08
0,8,63.76
0,11,1289.65
0,15,1477.75
0,21,1808.44
0,26,1806.46
0,30,150.51
0,33,1002.08
0,34,1001.54
0,39,1557.28
0,40,375.95
0,44,512.25
0,53,1933.2
0,58,1478.68
1,27,1447.49
1,52,480.81
1,182,1115.15
1,924,1891.59
1,934,1913.36
1,954,1862.54
1,982,1886.81
2,0,828.08
2,8,888.28
2,11,467.76
2,30,978.59
2,33,1829.15
2,34,1827.82
2,35,1474.91
2,39,733.69
2,40,1203.6
2,44,317.26
2,53,1108.72
3,5,545.57
3,7,1186.59
3,9,541.02
3,16,1192.26
3,18,591.59
3,20,1724.08
3,29,1350.59
3,31,1875.46
3,36,1352.26
3,38,1875.48
3,45,1729.31
3,46,25.91
3,55,581.88
3,830,595.82
3,832,1698.19
3,845,1407.59
3,855,861.78
3,857,1060.88
4,10,756.36
4,13,1847.57
4,23,868.92
4,32,21.73
4,37,1855.48
4,48,1986.38
5,3,545.57
5,7,1729.65
5,9,27.8
5,16,1734.56
5,18,1121.27
5,29,819.73
5,31,1343.19
5,36,818.88
5,38,1341.51
5,46,550.98
5,55,1114.39
5,830,1085.87
5,845,1317.31
5,855,1305.14
5,857,1071.76
6,14,861.95
6,15,1880.74
6,17,1743.75
6,21,1547.45
6,26,1550.74
6,28,25.87
6,41,864.18
6,49,1743.34
6,54,857.56
6,57,857.19
6,58,1878.05
6,83,1406.87
6,87,1164.35
6,99,297.69
6,100,622.23
6,122,220.75
7,3,1186.59
7,5,1729.65
7,9,1722.48
7,16,20.36
7,18,622.55
7,20,554.93
7,35,1210.22
7,39,1958.53
7,45,555.29
7,46,1179.12
7,53,1584.67
7,55,624.71
7,830,727.82
7,832,1278.76
7,836,1648.56
7,855,741.97
7,857,1846.37
8,0,63.76
8,2,888.28
8,11,1348.08
8,15,1415.96
8,21,1747.16
8,26,1744.96
8,30,93.35
8,33,940.99
8,34,940.05
8,39,1615.72
8,40,315.39
8,44,571.64
8,53,1991.62
8,58,1417.15
9,3,541.02
9,5,27.8
9,7,1722.48
9,16,1727.08
9,18,1111.69
9,29,817.12
9,31,1341.45
9,36,817.03
9,38,1340.25
9,46,545.16
9,55,1105.25
9,830,1072.4
9,845,1344.42
9,855,1287.91
9,857,1096.65
10,4,756.36
10,13,1094.07
10,23,115.9
10,32,752.16
10,37,1103.18
10,43,1257.79
10,47,1769.41
10,48,1232.97
11,0,1289.65
11,2,467.76
11,8,1348.08
11,20,1670.79
11,30,1439.85
11,35,1015.03
11,39,267.65
11,40,1663.11
11,44,777.72
11,45,1672.43
11,53,643.57
12,19,1632.2
12,24,793.67
12,27,1151.66
12,56,463.69
13,4,1847.57
13,10,1094.07
13,22,1173.82
13,23,979.53
13,25,1863.89
13,32,1841.78
13,37,25.19
13,42,1454.05
13,43,165.35
13,47,676.76
13,48,138.9
13,50,1871.59
13,51,1387.87
14,6,861.95
14,15,1024.07
14,21,689.61
14,26,694.94
14,28,863.88
14,33,1492.75
14,34,1494.74
14,41,29.92
14,54,1717.71
14,57,1718.27
14,58,1019.91
14,83,1631.63
14,87,1442.68
14,99,1039.39
14,100,1107.76
14,122,1060.35
15,0,1477.75
15,6,1880.74
15,8,1415.96
15,14,1024.07
15,21,334.48
15,26,330.02
15,28,1884.55
15,30,1328.25
15,33,477.85
15,34,476.55
15,40,1102.35
15,41,1018.33
15,44,1985.71
15,58,23.28
16,3,1192.26
16,5,1734.56
16,7,20.36
16,9,1727.08
16,18,624.23
16,20,555.91
16,35,1211.69
16,39,1960.18
16,45,555.33
16,46,1184.38
16,53,1586.8
16,55,627.04
16,830,725.3
16,832,1259.49
16,836,1628.5
16,855,731.81
16,857,1861.63
17,6,1743.75
17,22,1111.35
17,25,375.57
17,28,1740.86
17,42,810.51
17,47,1648.7
17,49,24.37
17,50,375.54
17,51,871.32
17,54,887.03
17,57,886.58
17,99,1603.92
17,100,1761.37
17,122,1547.66
18,3,591.59
18,5,1121.27
18,7,622.55
18,9,1111.69
18,16,624.23
18,20,1176.12
18,29,1888.01
18,35,1829.3
18,36,1893.01
18,45,1177.48
18,46,579.1
18,55,20.13
18,830,172.84
18,832,1269.91
18,836,1700.51
18,845,1843.9
18,855,419.47
18,857,1468.78
19,12,1632.2
19,24,838.53
19,29,1211.48
19,31,686.52
19,36,1210.59
19,38,687.26
20,3,1724.08
20,7,554.93
20,11,1670.79
20,16,555.91
20,18,1176.12
20,35,655.88
20,39,1404.43
20,45,25.58
20,46,1718.95
20,53,1031.75
20,55,1177.22
20,830,1280.91
20,832,1561.61
20,836,1841.15
20,855,1256.72
21,0,1808.44
21,6,1547.45
21,8,1747.16
21,14,689.61
21,15,334.48
21,26,23.14
21,28,1550.88
21,30,1658.45
21,33,806.42
21,34,807.18
21,40,1432.56
21,41,684.18
21,58,330.67
21,87,1988.35
21,99,1726.64
21,100,1755.07
21,122,1749.53
22,13,1173.82
22,17,1111.35
22,25,735.96
22,37,1173.15
22,42,300.94
22,43,1029.36
22,47,540.78
22,48,1042.6
22,49,1111.86
22,50,736.47
22,51,241.15
22,54,1997.9
22,57,1997.86
23,4,868.92
23,10,115.9
23,13,979.53
23,32,863.96
23,37,988.27
23,43,1142.89
23,47,1655.43
23,48,1118.43
24,12,793.67
24,19,838.53
24,27,1944.91
24,31,1524.07
24,38,1523.67
24,56,1256.68
25,13,1863.89
25,17,375.57
25,22,735.96
25,37,1867.46
25,42,435.31
25,43,1734.7
25,47,1273.23
25,48,1742.36
25,49,377.21
25,50,27.38
25,51,495.75
25,54,1262.56
25,57,1262.15
25,99,1976.23
25,122,1922.85
26,0,1806.46
26,6,1550.74
26,8,1744.96
26,14,694.94
26,15,330.02
26,21,23.14
26,28,1554.54
26,30,1656.64
26,33,804.81
26,34,804.93
26,40,1430.71
26,41,688.56
26,58,327.81
26,99,1733.19
26,100,1766.14
26,122,1754.03
27,1,1447.49
27,12,1151.66
27,24,1944.91
27,52,972.16
27,56,688.23
28,6,25.87
28,14,863.88
28,15,1884.55
28,17,1740.86
28,21,1550.88
28,26,1554.54
28,41,866.99
28,49,1740.09
28,54,854.05
28,57,854.39
28,58,1881.54
28,83,1381.09
28,87,1138.54
28,99,274.58
28,100,596.37
28,122,208.01
28,123,1982.95
29,3,1350.59
29,5,819.73
29,9,817.12
29,18,1888.01
29,19,1211.48
29,31,524.97
29,36,22.08
29,38,524.99
29,46,1351.01
29,55,1884.95
29,830,1814.36
29,845,1766.1
29,855,1971.18
29,857,1667.46
30,0,150.51
30,2,978.59
30,8,93.35
30,11,1439.85
30,15,1328.25
30,21,1658.45
30,26,1656.64
30,33,852.03
30,34,851.83
30,39,1707.49
30,40,225.93
30,44,662.66
30,58,1328.9
31,3,1875.46
31,5,1343.19
31,9,1341.45
31,19,686.52
31,24,1524.07
31,29,524.97
31,36,524.43
31,38,23.35
31,46,1875.66
32,4,21.73
32,10,752.16
32,13,1841.78
32,23,863.96
32,37,1849.42
32,48,1980.52
33,0,1002.08
33,2,1829.15
33,8,940.99
33,14,1492.75
33,15,477.85
33,21,806.42
33,26,804.81
33,30,852.03
33,34,22.54
33,40,626.16
33,41,1489.1
33,44,1512.17
33,58,477.33
34,0,1001.54
34,2,1827.82
34,8,940.05
34,14,1494.74
34,15,476.55
34,21,807.18
34,26,804.93
34,30,851.83
34,33,22.54
34,40,625.9
34,41,1490.65
34,44,1510.69
34,58,477.13
35,2,1474.91
35,7,1210.22
35,11,1015.03
35,16,1211.69
35,18,1829.3
35,20,655.88
35,39,748.55
35,44,1790.1
35,45,658.21
35,53,377.52
35,55,1829.52
35,830,1936.8
35,855,1901.54
36,3,1352.26
36,5,818.88
36,9,817.03
36,18,1893.01
36,19,1210.59
36,29,22.08
36,31,524.43
36,38,523.47
36,46,1353.11
36,55,1889.72
36,830,1821.16
36,845,1749.82
36,855,1980.62
36,857,1654.73
37,4,1855.48
37,10,1103.18
37,13,25.19
37,22,1173.15
37,23,988.27
37,25,1867.46
37,32,1849.42
37,42,1455.45
37,43,154.62
37,47,670.31
37,48,132.36
37,50,1874.82
37,51,1389.35
38,3,1875.48
38,5,1341.51
38,9,1340.25
38,19,687.26
38,24,1523.67
38,29,524.99
38,31,23.35
38,36,523.47
38,46,1876.0
39,0,1557.28
39,2,733.69
39,7,1958.53
39,8,1615.72
39,11,267.65
39,16,1960.18
39,20,1404.43
39,30,1707.49
39,35,748.55
39,40,1930.72
39,44,1045.28
39,45,1406.54
39,53,375.92
40,0,375.95
40,2,1203.6
40,8,315.39
40,11,1663.11
40,15,1102.35
40,21,1432.56
40,26,1430.71
40,30,225.93
40,33,626.16
40,34,625.9
40,39,1930.72
40,44,887.03
40,58,1102.97
41,6,864.18
41,14,29.92
41,15,1018.33
41,21,684.18
41,26,688.56
41,28,866.99
41,33,1489.1
41,34,1490.65
41,54,1721.04
41,57,1721.18
41,58,1014.83
41,83,1658.3
41,87,1467.88
41,99,1048.92
41,100,1126.14
41,122,1065.48
42,13,1454.05
42,17,810.51
42,22,300.94
42,25,435.31
42,37,1455.45
42,43,1316.58
42,47,840.42
42,48,1327.11
42,49,810.92
42,50,435.53
42,51,66.32
42,54,1696.96
42,57,1696.95
43,10,1257.79
43,13,165.35
43,22,1029.36
43,23,1142.89
43,25,1734.7
43,37,154.62
43,42,1316.58
43,47,517.3
43,48,35.72
43,50,1740.91
43,51,1250.85
44,0,512.25
44,2,317.26
44,8,571.64
44,11,777.72
44,15,1985.71
44,30,662.66
44,33,1512.17
44,34,1510.69
44,35,1790.1
44,39,1045.28
44,40,887.03
44,53,1421.16
44,58,1987.48
45,3,1729.31
45,7,555.29
45,11,1672.43
45,16,555.33
45,18,1177.48
45,20,25.58
45,35,658.21
45,39,1406.54
45,46,1723.81
45,53,1034.99
45,55,1179.01
45,830,1279.38
45,832,1541.92
45,836,1818.64
45,855,1249.44
46,3,25.91
46,5,550.98
46,7,1179.12
46,9,545.16
46,16,1184.38
46,18,579.1
46,20,1718.95
46,29,1351.01
46,31,1875.66
46,36,1353.11
46,38,1876.0
46,45,1723.81
46,55,570.09
46,830,577.25
46,832,1674.53
46,845,1433.11
46,855,840.46
46,857,1086.76
47,10,1769.41
47,13,676.76
47,17,1648.7
47,22,540.78
47,23,1655.43
47,25,1273.23
47,37,670.31
47,42,840.42
47,43,517.3
47,48,538.34
47,49,1650.22
47,50,1275.26
47,51,777.81
48,4,1986.38
48,10,1232.97
48,13,138.9
48,22,1042.6
48,23,1118.43
48,25,1742.36
48,32,1980.52
48,37,132.36
48,42,1327.11
48,43,35.72
48,47,538.34
48,50,1749.1
48,51,1261.16
49,6,1743.34
49,17,24.37
49,22,1111.86
49,25,377.21
49,28,1740.09
49,42,810.92
49,47,1650.22
49,50,375.4
49,51,872.47
49,54,886.05
49,57,886.25
49,99,1599.71
49,100,1752.46
49,122,1545.77
50,13,1871.59
50,17,375.54
50,22,736.47
50,25,27.38
50,37,1874.82
50,42,435.53
50,43,1740.91
50,47,1275.26
50,48,1749.1
50,49,375.4
50,51,497.46
50,54,1261.45
50,57,1261.55
50,99,1972.16
50,122,1920.9
51,13,1387.87
51,17,871.32
51,22,241.15
51,25,495.75
51,37,1389.35
51,42,66.32
51,43,1250.85
51,47,777.81
51,48,1261.16
51,49,872.47
51,50,497.46
51,54,1758.26
51,57,1757.89
52,1,480.81
52,27,972.16
52,56,1657.45
52,182,1461.3
53,0,1933.2
53,2,1108.72
53,7,1584.67
53,8,1991.62
53,11,643.57
53,16,1586.8
53,20,1031.75
53,35,377.52
53,39,375.92
53,44,1421.16
53,45,1034.99
54,6,857.56
54,14,1717.71
54,17,887.03
54,22,1997.9
54,25,1262.56
54,28,854.05
54,41,1721.04
54,42,1696.96
54,49,886.05
54,50,1261.45
54,51,1758.26
54,57,23.8
54,83,1598.03
54,87,1387.74
54,99,732.65
54,100,964.03
54,122,661.64
55,3,581.88
55,5,1114.39
55,7,624.71
55,9,1105.25
55,16,627.04
55,18,20.13
55,20,1177.22
55,29,1884.95
55,35,1829.52
55,36,1889.72
55,45,1179.01
55,46,570.09
55,830,189.36
55,832,1289.84
55,836,1720.33
55,845,1825.6
55,855,439.56
55,857,1450.27
56,12,463.69
56,24,1256.68
56,27,688.23
56,52,1657.45
57,6,857.19
57,14,1718.27
57,17,886.58
57,22,1997.86
57,25,1262.15
57,28,854.39
57,41,1721.18
57,42,1696.95
57,49,886.25
57,50,1261.55
57,51,1757.89
57,54,23.8
57,83,1618.63
57,87,1407.31
57,99,740.32
57,100,978.77
57,122,664.57
58,0,1478.68
58,6,1878.05
58,8,1417.15
58,14,1019.91
58,15,23.28
58,21,330.67
58,26,327.81
58,28,1881.54
58,30,1328.9
58,33,477.33
58,34,477.13
58,40,1102.97
58,41,1014.83
58,44,1987.48
59,60,1903.8
59,61,1509.25
59,62,1093.8
59,63,707.59
60,59,1903.8
60,62,810.99
60,480,1157.71
60,495,1910.64
60,527,1321.16
60,558,1424.16
60,564,1339.4
60,566,1911.83
61,59,1509.25
61,63,811.8
61,148,1424.09
62,59,1093.8
62,60,810.99
62,63,1649.25
62,480,1939.14
62,527,1963.96
62,564,1986.36
63,59,707.59
63,61,811.8
63,62,1649.25
65,66,613.11
65,67,1937.6
65,69,1220.9
65,70,1292.43
65,71,1529.14
65,74,615.86
65,75,1521.05
66,65,613.11
66,69,1823.16
66,70,1893.2
66,71,917.85
66,74,26.54
66,75,908.73
67,65,1937.6
67,69,755.28
67,70,683.14
67,643,1499.61
67,678,1429.17
67,683,1318.53
67,684,1682.0
68,72,1502.34
68,691,628.86
69,65,1220.9
69,66,1823.16
69,67,755.28
69,70,73.38
69,74,1821.46
70,65,1292.43
70,66,1893.2
70,67,683.14
70,69,73.38
70,74,1891.18
70,683,1999.24
71,65,1529.14
71,66,917.85
71,74,913.42
71,75,32.01
72,68,1502.34
72,691,1995.43
73,208,578.13
73,231,896.07
73,253,552.09
73,261,1178.52
73,262,739.18
73,266,480.47
74,65,615.86
74,66,26.54
74,69,1821.46
74,70,1891.18
74,71,913.42
74,75,905.2
75,65,1521.05
75,66,908.73
75,71,32.01
75,74,905.2
76,80,1411.76
76,85,213.89
76,88,989.47
76,92,259.74
76,94,1412.9
76,101,577.46
76,107,1961.81
76,115,989.27
76,116,1961.07
76,119,725.33
77,79,1814.53
77,93,949.83
77,96,46.44
77,97,1541.58
77,98,1814.62
77,108,1864.04
77,109,1647.63
77,110,295.25
77,112,1728.31
78,80,768.35
78,82,270.35
78,94,772.48
78,97,1608.1
78,101,1590.57
78,102,22.96
78,105,215.03
78,108,1307.12
78,109,1511.96
78,112,1437.04
78,119,1442.83
79,77,1814.53
79,86,857.97
79,89,297.29
79,96,1851.34
79,98,21.12
79,110,1520.22
79,117,861.17
79,592,1740.27
79,596,1897.04
79,606,1219.46
79,635,1511.58
79,651,1863.02
79,657,1291.6
79,667,1488.81
79,669,1199.51
79,690,1268.3
80,76,1411.76
80,78,768.35
80,82,1037.12
80,85,1614.5
80,92,1665.12
80,94,21.83
80,101,837.36
80,102,767.73
80,105,979.09
80,119,689.29
81,90,1991.61
81,91,479.8
81,95,1055.83
81,103,1121.31
81,111,1989.39
81,114,1877.58
81,118,1269.68
81,461,1670.94
81,477,1368.92
81,535,1578.52
81,550,1672.38
81,553,1984.64
82,78,270.35
82,80,1037.12
82,93,1942.14
82,94,1041.86
82,97,1345.91
82,101,1852.56
82,102,269.4
82,105,60.37
82,108,1039.66
82,109,1247.07
82,112,1170.9
82,119,1705.44
83,6,1406.87
83,14,1631.63
83,28,1381.09
83,41,1658.3
83,54,1598.03
83,57,1618.63
83,87,243.39
83,99,1159.96
83,100,792.0
83,104,1505.75
83,121,1634.46
83,122,1319.02
83,123,603.11
84,88,1802.87
84,90,1034.89
84,95,1971.68
84,107,832.82
84,111,1035.4
84,113,63.04
84,115,1803.13
84,116,831.87
84,118,1755.63
84,524,1905.68
84,529,1310.17
84,535,1469.95
84,550,1356.93
84,575,1989.31
84,587,1321.35
85,76,213.89
85,80,1614.5
85,88,779.75
85,92,52.22
85,94,1614.63
85,101,785.74
85,107,1750.28
85,115,778.65
85,116,1749.98
85,119,932.5
86,79,857.97
86,89,560.97
86,98,858.57
86,117,25.01
86,592,958.2
86,606,1023.38
86,635,1626.83
86,657,481.43
86,667,1616.4
86,669,1038.87
86,690,457.93
87,6,1164.35
87,14,1442.68
87,21,1988.35
87,28,1138.54
87,41,1467.88
87,54,1387.74
87,57,1407.31
87,83,243.39
87,99,917.01
87,100,548.65
87,104,1749.14
87,121,1877.85
87,122,1076.4
87,123,846.5
88,76,989.47
88,84,1802.87
88,85,779.75
88,92,730.57
88,101,1565.34
88,107,973.56
88,113,1857.89
88,115,20.01
88,116,972.09
88,119,1712.25
89,79,297.29
89,86,560.97
89,98,297.62
89,110,1817.36
89,117,564.84
89,592,1463.73
89,596,1940.23
89,606,1070.83
89,635,1487.13
89,651,1897.21
89,657,999.41
89,667,1468.2
89,669,1061.15
89,690,975.9
90,81,1991.61
90,84,1034.89
90,95,937.49
90,107,1867.64
90,111,20.88
90,113,978.07
90,116,1866.26
90,118,722.1
90,477,1179.72
90,529,1402.79
90,535,498.31
90,550,359.04
90,587,1398.83
91,81,479.8
91,95,1529.73
91,103,642.82
91,114,1399.43
91,118,1741.19
91,438,1898.46
91,439,1879.57
91,461,1256.07
91,477,1725.16
91,553,1955.66
92,76,259.74
92,80,1665.12
92,85,52.22
92,88,730.57
92,94,1665.42
92,101,834.84
92,107,1702.24
92,115,729.95
92,116,1701.65
92,119,982.0
93,77,949.83
93,82,1942.14
93,96,903.7
93,97,617.55
93,108,948.12
93,109,731.79
93,110,1219.53
93,112,814.14
94,76,1412.9
94,78,772.48
94,80,21.83
94,82,1041.86
94,85,1614.63
94,92,1665.42
94,101,839.8
94,102,772.49
94,105,984.2
94,119,692.01
95,81,1055.83
95,84,1971.68
95,90,937.49
95,91,1529.73
95,111,936.31
95,113,1915.4
95,118,216.51
95,477,835.08
95,535,580.76
95,550,639.95
96,77,46.44
96,79,1851.34
96,93,903.7
96,97,1496.72
96,98,1851.76
96,108,1819.74
96,109,1603.16
96,110,334.83
96,112,1683.97
97,77,1541.58
97,78,1608.1
97,82,1345.91
97,93,617.55
97,96,1496.72
97,102,1611.49
97,105,1406.01
97,108,330.61
97,109,116.54
97,110,1823.22
97,112,197.9
98,77,1814.62
98,79,21.12
98,86,858.57
98,89,297.62
98,96,1851.76
98,110,1520.04
98,117,862.38
98,592,1747.09
98,596,1876.0
98,606,1202.24
98,635,1490.73
98,651,1841.93
98,657,1287.93
98,667,1467.93
98,669,1181.87
98,690,1264.71
99,6,297.69
99,14,1039.39
99,17,1603.92
99,21,1726.64
99,25,1976.23
99,26,1733.19
99,28,274.58
99,41,1048.92
99,49,1599.71
99,50,1972.16
99,54,732.65
99,57,740.32
99,83,1159.96
99,87,917.01
99,100,369.93
99,122,160.7
99,123,1762.54
100,6,622.23
100,14,1107.76
100,17,1761.37
100,21,1755.07
100,26,1766.14
100,28,596.37
100,41,1126.14
100,49,1752.46
100,54,964.03
100,57,978.77
100,83,792.0
100,87,548.65
100,99,369.93
100,122,530.37
100,123,1395.09
101,76,577.46
101,78,1590.57
101,80,837.36
101,82,1852.56
101,85,785.74
101,88,1565.34
101,92,834.84
101,94,839.8
101,102,1586.5
101,105,1792.75
101,115,1564.39
101,119,148.3
102,78,22.96
102,80,767.73
102,82,269.4
102,94,772.49
102,97,1611.49
102,101,1586.5
102,105,212.03
102,108,1308.38
102,109,1514.39
102,112,1438.95
102,119,1438.96
103,81,1121.31
103,91,642.82
103,104,1529.21
103,114,756.61
103,121,1400.56
103,438,1637.08
103,439,1629.68
103,461,877.34
104,83,1505.75
104,87,1749.14
104,103,1529.21
104,114,772.65
104,121,128.77
104,123,902.64
104,438,1958.39
104,439,1980.74
104,461,1478.43
105,78,215.03
105,80,979.09
105,82,60.37
105,94,984.2
105,97,1406.01
105,101,1792.75
105,102,212.03
105,108,1098.88
105,109,1306.85
105,112,1230.46
105,119,1645.73
107,76,1961.81
107,84,832.82
107,85,1750.28
107,88,973.56
107,90,1867.64
107,92,1702.24
107,111,1868.21
107,113,889.98
107,115,972.75
107,116,24.82
107,529,1742.38
107,587,1760.04
108,77,1864.04
108,78,1307.12
108,82,1039.66
108,93,948.12
108,96,1819.74
108,97,330.61
108,102,1308.38
108,105,1098.88
108,109,217.56
108,112,135.83
109,77,1647.63
109,78,1511.96
109,82,1247.07
109,93,731.79
109,96,1603.16
109,97,116.54
109,102,1514.39
109,105,1306.85
109,108,217.56
109,110,1931.51
109,112,82.37
110,77,295.25
110,79,1520.22
110,89,1817.36
110,93,1219.53
110,96,334.83
110,97,1823.22
110,98,1520.04
110,109,1931.51
111,81,1989.39
111,84,1035.4
111,90,20.88
111,95,936.31
111,107,1868.21
111,113,979.16
111,116,1867.11
111,118,720.43
111,477,1164.15
111,529,1421.55
111,535,486.28
111,550,348.69
111,587,1417.72
112,77,1728.31
112,78,1437.04
112,82,1170.9
112,93,814.14
112,96,1683.97
112,97,197.9
112,102,1438.95
112,105,1230.46
112,108,135.83
112,109,82.37
113,84,63.04
113,88,1857.89
113,90,978.07
113,95,1915.4
113,107,889.98
113,111,979.16
113,115,1858.48
113,116,888.24
113,118,1699.6
113,477,1986.68
113,524,1872.84
113,529,1268.42
113,535,1419.58
113,550,1304.26
113,575,1957.86
113,587,1278.98
114,81,1877.58
114,91,1399.43
114,103,756.61
114,104,772.65
114,121,643.97
114,123,1674.41
114,438,1626.33
114,439,1635.93
114,461,935.05
115,76,989.27
115,84,1803.13
115,85,778.65
115,88,20.01
115,92,729.95
115,101,1564.39
115,107,972.75
115,113,1858.48
115,116,971.8
115,119,1711.04
116,76,1961.07
116,84,831.87
116,85,1749.98
116,88,972.09
116,90,1866.26
116,92,1701.65
116,107,24.82
116,111,1867.11
116,113,888.24
116,115,971.8
116,529,1723.69
116,587,1741.44
117,79,861.17
117,86,25.01
117,89,564.84
117,98,862.38
117,592,942.38
117,606,1048.36
117,635,1650.82
117,657,492.71
117,667,1640.27
117,669,1063.76
117,690,469.42
118,81,1269.68
118,84,1755.63
118,90,722.1
118,91,1741.19
118,95,216.51
118,111,720.43
118,113,1699.6
118,477,818.41
118,529,1884.9
118,535,388.91
118,550,428.19
118,587,1874.63
119,76,725.33
119,78,1442.83
119,80,689.29
119,82,1705.44
119,85,932.5
119,88,1712.25
119,92,982.0
119,94,692.01
119,101,148.3
119,102,1438.96
119,105,1645.73
119,115,1711.04
120,124,225.21
120,720,1229.59
120,790,1039.28
121,83,1634.46
121,87,1877.85
121,103,1400.56
121,104,128.77
121,114,643.97
121,123,1031.35
121,438,1881.71
121,439,1902.47
121,461,1370.25
122,6,220.75
122,14,1060.35
122,17,1547.66
122,21,1749.53
122,25,1922.85
122,26,1754.03
122,28,208.01
122,41,1065.48
122,49,1545.77
122,50,1920.9
122,54,661.64
122,57,664.57
122,83,1319.02
122,87,1076.4
122,99,160.7
122,100,530.37
122,123,1921.11
123,28,1982.95
123,83,603.11
123,87,846.5
123,99,1762.54
123,100,1395.09
123,104,902.64
123,114,1674.41
123,121,1031.35
123,122,1921.11
124,120,225.21
124,720,1454.71
124,790,1190.77
125,126,1218.12
125,128,1409.08
125,131,1732.01
125,133,1405.85
125,135,554.06
125,136,555.02
125,139,195.02
125,140,22.35
125,144,1630.2
125,146,193.6
125,481,1816.08
125,501,1895.77
125,502,1128.29
125,504,556.65
125,510,962.63
125,511,990.48
125,569,1498.72
125,578,1800.18
125,582,1652.41
126,125,1218.12
126,131,514.04
126,132,1955.75
126,133,218.62
126,135,669.41
126,136,678.08
126,139,1023.44
126,140,1221.82
126,142,1209.65
126,145,1876.88
126,146,1027.95
126,502,1901.7
126,504,762.57
126,510,1649.35
126,511,228.01
126,578,687.41
126,588,1448.74
127,128,1779.49
127,129,948.15
127,130,1669.12
127,134,313.18
127,137,1320.65
127,141,1704.73
127,143,1003.41
127,144,1557.14
127,150,954.09
128,125,1409.08
128,127,1779.49
128,129,835.74
128,134,1466.8
128,135,1961.12
128,136,1963.91
128,139,1602.2
128,140,1410.29
128,144,222.76
128,146,1602.61
128,150,833.26
128,481,1769.26
128,501,1800.94
128,502,1701.62
128,504,1952.14
128,510,1762.07
128,569,1673.15
128,582,1702.57
129,127,948.15
129,128,835.74
129,134,635.01
129,143,1949.99
129,144,615.58
129,150,21.48
130,127,1669.12
130,134,1978.33
130,137,354.17
130,138,1692.3
130,141,35.69
130,143,680.35
131,125,1732.01
131,126,514.04
131,132,1470.55
131,133,357.72
131,135,1181.57
131,136,1187.9
131,139,1537.21
131,140,1735.47
131,142,717.25
131,145,1389.64
131,146,1541.35
131,504,1256.52
131,511,742.01
131,578,456.15
131,588,1238.9
132,126,1955.75
132,131,1470.55
132,133,1828.13
132,142,753.37
132,145,82.53
132,149,1558.47
132,578,1697.15
133,125,1405.85
133,126,218.62
133,131,357.72
133,132,1828.13
133,135,867.84
133,136,880.71
133,139,1213.03
133,140,1411.39
133,142,1074.91
133,145,1747.3
133,146,1219.7
133,504,975.93
133,510,1867.85
133,511,424.36
133,578,470.89
133,588,1247.42
134,127,313.18
134,128,1466.8
134,129,635.01
134,130,1978.33
134,137,1631.66
134,143,1316.09
134,144,1244.63
134,150,641.22
135,125,554.06
135,126,669.41
135,128,1961.12
135,131,1181.57
135,133,867.84
135,136,38.66
135,139,359.39
135,140,555.73
135,142,1854.8
135,146,361.19
135,502,1359.03
135,504,199.99
135,510,1124.82
135,511,444.63
135,569,1808.46
135,578,1293.88
135,582,1979.37
135,588,1949.81
136,125,555.02
136,126,678.08
136,128,1963.91
136,131,1187.9
136,133,880.71
136,135,38.66
136,139,362.09
136,140,555.14
136,142,1854.48
136,146,361.42
136,502,1327.64
136,504,161.93
136,510,1091.74
136,511,456.4
136,569,1779.49
136,578,1313.11
136,582,1950.98
136,588,1977.73
137,127,1320.65
137,130,354.17
137,134,1631.66
137,141,389.73
137,143,326.17
138,130,1692.3
138,141,1657.13
138,147,1006.58
138,288,1577.91
138,309,1626.02
138,363,1524.57
138,368,1702.57
138,406,1317.43
139,125,195.02
139,126,1023.44
139,128,1602.2
139,131,1537.21
139,133,1213.03
139,135,359.39
139,136,362.09
139,140,198.58
139,144,1822.79
139,146,23.13
139,481,1930.41
139,502,1194.07
139,504,385.77
139,510,997.0
139,511,795.99
139,569,1600.63
139,578,1615.02
139,582,1762.24
140,125,22.35
140,126,1221.82
140,128,1410.29
140,131,1735.47
140,133,1411.39
140,135,555.73
140,136,555.14
140,139,198.58
140,144,1631.78
140,146,194.54
140,481,1796.28
140,501,1876.16
140,502,1106.23
140,504,550.3
140,510,940.28
140,511,994.5
140,569,1478.08
140,578,1809.11
140,582,1632.28
141,127,1704.73
141,130,35.69
141,137,389.73
141,138,1657.13
141,143,715.89
142,126,1209.65
142,131,717.25
142,132,753.37
142,133,1074.91
142,135,1854.8
142,136,1854.48
142,145,672.39
142,504,1893.0
142,511,1433.88
142,578,982.54
142,588,1517.52
143,127,1003.41
143,129,1949.99
143,130,680.35
143,134,1316.09
143,137,326.17
143,141,715.89
143,150,1954.97
144,125,1630.2
144,127,1557.14
144,128,222.76
144,129,615.58
144,134,1244.63
144,139,1822.79
144,140,1631.78
144,146,1823.6
144,150,614.2
144,481,1886.94
144,501,1910.07
144,502,1890.98
144,510,1965.44
144,569,1824.54
144,582,1836.94
145,126,1876.88
145,131,1389.64
145,132,82.53
145,133,1747.3
145,142,672.39
145,149,1633.34
145,578,1614.77
145,588,1987.66
146,125,193.6
146,126,1027.95
146,128,1602.61
146,131,1541.35
146,133,1219.7
146,135,361.19
146,136,361.42
146,139,23.13
146,140,194.54
146,144,1823.6
146,481,1910.7
146,501,1993.06
146,502,1172.0
146,504,375.38
146,510,974.15
146,511,800.98
146,569,1580.17
146,578,1625.4
146,582,1742.25
147,138,1006.58
147,288,592.68
147,309,1570.55
147,335,1170.76
147,362,1175.52
147,363,536.09
147,368,700.27
147,406,653.73
147,694,1700.49
147,698,1687.62
148,61,1424.09
149,132,1558.47
149,145,1633.34
150,127,954.09
150,128,833.26
150,129,21.48
150,134,641.22
150,143,1954.97
150,144,614.2
152,157,1083.23
153,154,1473.56
153,162,1496.68
153,163,913.71
153,935,1948.25
154,153,1473.56
154,159,934.76
154,162,36.42
154,163,559.99
154,538,1668.93
154,552,1732.66
154,576,1683.8
154,581,1961.51
154,935,1866.92
155,158,1824.14
155,161,1168.39
155,165,955.27
156,157,1050.22
157,152,1083.23
157,156,1050.22
158,155,1824.14
158,165,889.91
159,154,934.76
159,162,911.96
159,163,1494.74
159,538,1174.76
159,552,921.8
159,576,1036.11
159,579,1416.98
159,581,1045.53
161,155,1168.39
162,153,1496.68
162,154,36.42
162,159,911.96
162,163,583.98
162,538,1632.81
162,552,1701.04
162,576,1649.05
162,581,1934.6
162,935,1848.21
163,153,913.71
163,154,559.99
163,159,1494.74
163,162,583.98
163,935,1767.85
165,155,955.27
165,158,889.91
166,170,1017.78
166,174,326.21
166,176,858.17
166,178,56.59
166,185,982.92
166,190,1354.12
166,192,1791.91
167,168,22.08
167,193,1713.55
168,167,22.08
168,193,1713.3
169,171,454.8
169,173,1944.81
169,179,1286.05
169,184,231.07
169,186,1574.39
169,187,1699.92
169,201,682.3
170,166,1017.78
170,174,699.41
170,176,162.99
170,178,1006.26
170,181,1179.62
170,185,1966.48
170,190,343.07
170,192,777.17
171,169,454.8
171,179,831.29
171,184,225.73
171,187,1245.12
171,201,1136.11
172,188,1512.48
172,195,383.06
172,196,986.61
172,199,12.15
172,200,871.55
172,324,1340.92
172,345,1644.82
172,348,1357.46
172,367,1686.76
172,369,1548.67
172,372,1287.68
172,399,1304.24
172,568,1952.07
173,169,1944.81
173,180,1000.98
173,186,372.52
173,197,523.11
173,201,1262.51
174,166,326.21
174,170,699.41
174,176,544.15
174,178,328.23
174,181,1877.66
174,185,1304.76
174,190,1040.06
174,192,1476.38
175,185,1221.8
175,189,392.82
175,194,16.41
175,719,1179.86
175,728,112.42
175,729,975.65
175,768,1958.5
175,772,764.66
175,773,566.99
175,774,1514.34
175,792,1508.37
175,797,1464.52
175,805,1177.13
175,809,1465.52
175,824,148.12
176,166,858.17
176,170,162.99
176,174,544.15
176,178,844.97
176,181,1333.89
176,185,1803.5
176,190,496.53
176,192,933.94
177,324,1184.68
177,330,1576.23
177,345,1309.32
177,348,1164.53
177,355,1994.2
177,369,1953.14
177,372,1421.84
177,394,1707.84
177,399,1406.01
178,166,56.59
178,170,1006.26
178,174,328.23
178,176,844.97
178,185,976.74
178,190,1339.04
178,192,1776.94
179,169,1286.05
179,171,831.29
179,183,1385.89
179,184,1056.5
179,187,414.14
179,191,1729.26
179,201,1967.13
180,173,1000.98
180,181,1052.83
180,186,1369.44
180,190,1890.43
180,192,1455.92
180,197,479.52
181,170,1179.62
181,174,1877.66
181,176,1333.89
181,180,1052.83
181,190,837.61
181,192,404.82
181,197,1531.97
182,1,1115.15
182,52,1461.3
182,198,1125.74
182,878,1480.14
182,924,786.09
182,934,808.65
182,954,794.84
182,956,1465.22
182,969,1311.81
182,982,819.58
182,996,1292.92
183,179,1385.89
183,187,974.88
183,191,343.55
183,415,1318.43
183,417,1481.53
183,421,1156.73
183,426,1153.24
183,443,1732.32
183,451,1958.01
183,456,1756.63
183,457,1219.6
183,462,1931.9
183,466,1864.42
183,467,1280.95
183,473,1701.8
184,169,231.07
184,171,225.73
184,179,1056.5
184,186,1801.39
184,187,1470.03
184,201,910.65
185,166,982.92
185,170,1966.48
185,174,1304.76
185,175,1221.8
185,176,1803.5
185,178,976.74
185,189,1614.59
185,194,1222.11
185,719,1603.69
185,728,1325.01
185,729,1474.44
185,772,1404.16
185,773,1389.97
185,774,1596.1
185,792,1577.89
185,797,1781.85
185,805,1582.76
185,809,1802.46
185,824,1317.42
186,169,1574.39
186,173,372.52
186,180,1369.44
186,184,1801.39
186,197,889.98
186,201,892.43
187,169,1699.92
187,171,1245.12
187,179,414.14
187,183,974.88
187,184,1470.03
187,191,1318.42
188,172,1512.48
188,193,999.29
188,195,1130.75
188,196,531.49
188,199,1508.63
188,200,653.77
188,487,1461.68
188,503,1680.5
188,517,638.64
188,545,1680.76
188,563,891.87
188,568,533.2
188,585,1085.41
189,175,392.82
189,185,1614.59
189,194,392.72
189,719,1277.93
189,728,293.19
189,729,1087.07
189,772,874.06
189,773,656.69
189,774,1691.9
189,792,1690.3
189,797,1559.04
189,805,1283.0
189,809,1552.64
189,824,326.56
190,166,1354.12
190,170,343.07
190,174,1040.06
190,176,496.53
190,178,1339.04
190,180,1890.43
190,181,837.61
190,192,437.92
191,179,1729.26
191,183,343.55
191,187,1318.42
191,415,1018.55
191,417,1244.73
191,421,819.83
191,426,815.33
191,443,1503.88
191,451,1759.47
191,456,1548.13
191,457,921.88
191,462,1738.41
191,466,1672.65
191,467,984.02
191,473,1478.43
192,166,1791.91
192,170,777.17
192,174,1476.38
192,176,933.94
192,178,1776.94
192,180,1455.92
192,181,404.82
192,190,437.92
192,197,1934.34
193,167,1713.55
193,168,1713.3
193,188,999.29
193,196,1530.01
193,200,1652.84
193,487,1676.96
193,503,1925.72
193,517,409.35
193,545,1935.51
193,563,811.71
193,568,776.49
193,585,1337.31
194,175,16.41
194,185,1222.11
194,189,392.72
194,719,1163.57
194,728,106.51
194,729,959.37
194,768,1942.21
194,772,748.29
194,773,550.62
194,774,1529.88
194,792,1523.84
194,797,1448.27
194,805,1160.88
194,809,1449.23
194,824,161.32
195,172,383.06
195,188,1130.75
195,196,609.24
195,199,380.19
195,200,499.94
195,324,1679.23
195,345,1943.63
195,348,1697.1
195,367,1896.66
195,369,1827.21
195,372,1643.67
195,399,1661.05
195,487,1758.88
195,517,1728.08
195,563,1734.78
195,568,1583.52
195,585,1839.98
196,172,986.61
196,188,531.49
196,193,1530.01
196,195,609.24
196,199,982.07
196,200,123.8
196,487,1577.3
196,503,1812.61
196,517,1156.27
196,545,1807.45
196,563,1277.43
196,568,978.04
196,585,1319.82
197,173,523.11
197,180,479.52
197,181,1531.97
197,186,889.98
197,192,1934.34
197,201,1782.41
198,182,1125.74
198,878,515.9
198,908,1306.99
198,917,1657.49
198,924,616.36
198,934,605.38
198,954,438.42
198,956,515.81
198,969,1261.34
198,982,424.33
198,996,1266.21
198,999,1659.4
199,172,12.15
199,188,1508.63
199,195,380.19
199,196,982.07
199,200,866.46
199,324,1337.41
199,345,1639.11
199,348,1354.05
199,367,1698.58
199,369,1559.46
199,372,1295.4
199,399,1311.88
199,568,1946.25
200,172,871.55
200,188,653.77
200,193,1652.84
200,195,499.94
200,196,123.8
200,199,866.46
200,487,1646.51
200,503,1843.94
200,517,1280.06
200,545,1837.62
200,563,1390.96
200,568,1083.69
200,585,1380.73
201,169,682.3
201,171,1136.11
201,173,1262.51
201,179,1967.13
201,184,910.65
201,186,892.43
201,197,1782.41
202,206,924.93
202,214,1342.36
202,229,62.05
202,235,1345.58
202,254,925.8
202,258,1696.8
202,270,576.28
202,280,472.46
203,211,1587.82
203,223,715.13
203,239,1154.83
203,267,1956.26
203,281,428.47
204,207,1472.19
204,215,702.01
204,224,22.93
204,240,701.88
204,245,947.38
204,256,1019.22
204,284,940.43
205,214,1385.17
205,217,976.81
205,221,980.93
205,235,1375.01
205,236,159.31
205,241,1612.58
205,243,242.88
205,264,733.85
205,274,1863.5
206,202,924.93
206,212,1202.09
206,213,1203.73
206,229,880.02
206,254,28.61
206,258,781.2
206,270,354.76
206,280,1395.17
207,204,1472.19
207,220,1290.61
207,224,1473.04
207,225,633.96
207,232,631.3
207,240,771.22
207,245,526.01
207,247,966.46
207,250,1120.09
207,263,1089.0
207,274,1967.77
207,284,532.97
208,73,578.13
208,218,1685.45
208,231,1056.26
208,253,29.2
208,261,1404.5
208,262,878.91
208,266,179.99
209,238,1656.32
209,279,78.18
209,283,1127.73
210,231,1387.6
210,234,350.02
210,244,1218.65
210,255,1740.42
210,261,1047.08
210,262,1545.65
211,203,1587.82
211,223,873.08
211,228,1192.59
211,230,1815.72
211,272,606.48
212,206,1202.09
212,213,29.48
212,252,903.35
212,254,1197.28
212,258,423.06
212,270,1556.8
213,206,1203.73
213,212,29.48
213,252,903.19
213,254,1198.22
213,258,422.95
213,270,1558.22
214,202,1342.36
214,205,1385.17
214,229,1395.51
214,235,27.96
214,236,1542.94
214,243,1154.69
214,264,701.45
214,270,1916.86
214,280,871.42
215,204,702.01
215,224,701.4
215,240,1403.79
215,244,1872.03
215,245,1649.34
215,255,1374.57
215,256,317.64
215,284,1642.38
216,219,1344.08
216,226,1001.67
216,246,1037.57
216,249,772.9
216,265,617.63
216,275,24.43
216,282,456.05
217,205,976.81
217,220,1686.38
217,221,25.6
217,236,823.3
217,241,641.3
217,243,1204.75
217,247,1989.08
217,250,1844.54
217,263,1885.9
217,264,1683.54
217,274,914.71
218,208,1685.45
218,253,1689.72
218,266,1864.38
219,216,1344.08
219,222,1383.16
219,246,318.25
219,249,574.27
219,265,1953.89
219,269,1803.62
219,275,1337.17
219,282,1798.35
220,207,1290.61
220,217,1686.38
220,221,1693.37
220,225,656.92
220,232,659.7
220,241,1076.43
220,245,1814.89
220,247,327.81
220,250,172.24
220,263,208.83
220,274,776.96
220,284,1821.84
221,205,980.93
221,217,25.6
221,220,1693.37
221,236,826.28
221,241,642.34
221,243,1210.74
221,247,1994.34
221,250,1850.56
221,263,1892.02
221,264,1691.35
221,274,920.05
222,219,1383.16
222,227,1910.26
222,233,1632.66
222,237,957.4
222,246,1699.0
222,249,1939.61
222,257,956.93
222,269,420.82
222,271,801.47
223,203,715.13
223,211,873.08
223,239,1861.95
223,272,1479.23
223,281,1143.16
224,204,22.93
224,207,1473.04
224,215,701.4
224,240,703.76
224,245,949.01
224,256,1018.94
224,284,942.07
225,207,633.96
225,220,656.92
225,232,29.0
225,240,1403.56
225,241,1638.46
225,245,1158.0
225,247,332.98
225,250,486.13
225,263,455.51
225,274,1364.98
225,284,1164.96
226,216,1001.67
226,249,1764.35
226,265,389.5
226,275,1002.47
226,282,557.93
227,222,1910.26
227,233,279.63
227,237,953.15
227,257,953.64
227,259,464.32
227,260,248.33
227,267,1736.35
227,268,1258.83
227,269,1490.51
227,271,1109.17
227,273,198.82
228,211,1192.59
228,230,625.09
228,238,1336.6
228,272,590.21
229,202,62.05
229,206,880.02
229,214,1395.51
229,235,1398.07
229,254,882.26
229,258,1655.75
229,270,528.14
229,280,524.25
230,211,1815.72
230,228,625.09
230,238,713.01
230,272,1210.29
231,73,896.07
231,208,1056.26
231,210,1387.6
231,234,1722.64
231,253,1053.74
231,261,352.06
231,262,179.07
231,266,878.77
232,207,631.3
232,220,659.7
232,225,29.0
232,240,1402.07
232,241,1628.6
232,245,1156.57
232,247,339.41
232,250,490.27
232,263,461.44
232,274,1357.66
232,284,1163.53
233,222,1632.66
233,227,279.63
233,237,676.81
233,257,675.73
233,259,741.62
233,260,526.41
233,268,1531.75
233,269,1213.74
233,271,832.61
233,273,472.18
234,210,350.02
234,231,1722.64
234,244,868.96
234,255,1391.18
234,261,1375.99
234,262,1885.25
235,202,1345.58
235,205,1375.01
235,214,27.96
235,229,1398.07
235,236,1532.37
235,243,1146.19
235,264,698.93
235,270,1920.77
235,280,873.82
236,205,159.31
236,214,1542.94
236,217,823.3
236,221,826.28
236,235,1532.37
236,241,1461.94
236,243,401.17
236,264,892.33
236,274,1718.89
237,222,957.4
237,227,953.15
237,233,676.81
237,257,34.14
237,259,1417.29
237,260,1201.42
237,269,537.35
237,271,156.02
237,273,1148.7
238,209,1656.32
238,228,1336.6
238,230,713.01
238,272,1923.29
238,279,1698.91
239,203,1154.83
239,223,1861.95
239,267,829.54
239,268,1295.49
239,281,732.39
240,204,701.88
240,207,771.22
240,215,1403.79
240,224,703.76
240,225,1403.56
240,232,1402.07
240,245,245.56
240,247,1734.63
240,250,1889.22
240,256,1720.72
240,263,1856.89
240,284,238.61
241,205,1612.58
241,217,641.3
241,220,1076.43
241,221,642.34
241,225,1638.46
241,232,1628.6
241,236,1461.94
241,243,1833.35
241,247,1362.97
241,250,1224.64
241,263,1266.59
241,274,304.67
242,285,561.5
243,205,242.88
243,214,1154.69
243,217,1204.75
243,221,1210.74
243,235,1146.19
243,236,401.17
243,241,1833.35
243,264,491.17
244,210,1218.65
244,215,1872.03
244,234,868.96
244,255,522.88
244,256,1557.77
245,204,947.38
245,207,526.01
245,215,1649.34
245,220,1814.89
245,224,949.01
245,225,1158.0
245,232,1156.57
245,240,245.56
245,247,1489.13
245,250,1643.68
245,256,1966.29
245,263,1611.42
245,284,6.96
246,216,1037.57
246,219,318.25
246,222,1699.0
246,249,264.97
246,265,1652.41
246,275,1032.44
246,282,1493.47
247,207,966.46
247,217,1989.08
247,220,327.81
247,221,1994.34
247,225,332.98
247,232,339.41
247,240,1734.63
247,241,1362.97
247,245,1489.13
247,250,155.57
247,263,122.56
247,274,1074.38
247,284,1496.08
248,276,745.46
249,216,772.9
249,219,574.27
249,222,1939.61
249,226,1764.35
249,246,264.97
249,265,1387.45
249,275,767.53
249,282,1228.67
250,207,1120.09
250,217,1844.54
250,220,172.24
250,221,1850.56
250,225,486.13
250,232,490.27
250,240,1889.22
250,241,1224.64
250,245,1643.68
250,247,155.57
250,263,42.07
250,274,930.88
250,284,1650.63
252,212,903.35
252,213,903.19
252,258,1325.89
253,73,552.09
253,208,29.2
253,218,1689.72
253,231,1053.74
253,261,1400.65
253,262,875.72
253,266,174.99
254,202,925.8
254,206,28.61
254,212,1197.28
254,213,1198.22
254,229,882.26
254,258,775.32
254,270,360.46
254,280,1394.73
255,210,1740.42
255,215,1374.57
255,234,1391.18
255,244,522.88
255,256,1068.09
256,204,1019.22
256,215,317.64
256,224,1018.94
256,240,1720.72
256,244,1557.77
256,245,1966.29
256,255,1068.09
256,284,1959.33
257,222,956.93
257,227,953.64
257,233,675.73
257,237,34.14
257,259,1417.19
257,260,1201.61
257,269,538.57
257,271,159.65
257,273,1147.9
258,202,1696.8
258,206,781.2
258,212,423.06
258,213,422.95
258,229,1655.75
258,252,1325.89
258,254,775.32
258,270,1135.47
259,227,464.32
259,233,741.62
259,237,1417.29
259,257,1417.19
259,260,216.02
259,267,1272.16
259,268,796.82
259,269,1954.62
259,271,1573.29
259,273,270.21
260,227,248.33
260,233,526.41
260,237,1201.42
260,257,1201.61
260,259,216.02
260,267,1488.16
260,268,1011.73
260,269,1738.77
260,271,1357.44
260,273,62.99
261,73,1178.52
261,208,1404.5
261,210,1047.08
261,231,352.06
261,234,1375.99
261,253,1400.65
261,262,525.92
261,266,1225.75
262,73,739.18
262,208,878.91
262,210,1545.65
262,231,179.07
262,234,1885.25
262,253,875.72
262,261,525.92
262,266,700.73
263,207,1089.0
263,217,1885.9
263,220,208.83
263,221,1892.02
263,225,455.51
263,232,461.44
263,240,1856.89
263,241,1266.59
263,245,1611.42
263,247,122.56
263,250,42.07
263,274,972.49
263,284,1618.37
264,205,733.85
264,214,701.45
264,217,1683.54
264,221,1691.35
264,235,698.93
264,236,892.33
264,243,491.17
264,280,1572.56
265,216,617.63
265,219,1953.89
265,226,389.5
265,246,1652.41
265,249,1387.45
265,275,620.62
265,282,168.5
266,73,480.47
266,208,179.99
266,218,1864.38
266,231,878.77
266,253,174.99
266,261,1225.75
266,262,700.73
267,203,1956.26
267,227,1736.35
267,239,829.54
267,259,1272.16
267,260,1488.16
267,268,485.36
267,273,1539.88
267,281,1548.4
268,227,1258.83
268,233,1531.75
268,239,1295.49
268,259,796.82
268,260,1011.73
268,267,485.36
268,273,1060.89
269,219,1803.62
269,222,420.82
269,227,1490.51
269,233,1213.74
269,237,537.35
269,257,538.57
269,259,1954.62
269,260,1738.77
269,271,381.34
269,273,1685.83
270,202,576.28
270,206,354.76
270,212,1556.8
270,213,1558.22
270,214,1916.86
270,229,528.14
270,235,1920.77
270,254,360.46
270,258,1135.47
270,280,1048.63
271,222,801.47
271,227,1109.17
271,233,832.61
271,237,156.02
271,257,159.65
271,259,1573.29
271,260,1357.44
271,269,381.34
271,273,1304.61
272,211,606.48
272,223,1479.23
272,228,590.21
272,230,1210.29
272,238,1923.29
273,227,198.82
273,233,472.18
273,237,1148.7
273,257,1147.9
273,259,270.21
273,260,62.99
273,267,1539.88
273,268,1060.89
273,269,1685.83
273,271,1304.61
274,205,1863.5
274,207,1967.77
274,217,914.71
274,220,776.96
274,221,920.05
274,225,1364.98
274,232,1357.66
274,236,1718.89
274,241,304.67
274,247,1074.38
274,250,930.88
274,263,972.49
275,216,24.43
275,219,1337.17
275,226,1002.47
275,246,1032.44
275,249,767.53
275,265,620.62
275,282,461.36
276,248,745.46
277,278,1406.44
278,277,1406.44
279,209,78.18
279,238,1698.91
279,283,1052.97
280,202,472.46
280,206,1395.17
280,214,871.42
280,229,524.25
280,235,873.82
280,254,1394.73
280,264,1572.56
280,270,1048.63
281,203,428.47
281,223,1143.16
281,239,732.39
281,267,1548.4
282,216,456.05
282,219,1798.35
282,226,557.93
282,246,1493.47
282,249,1228.67
282,265,168.5
282,275,461.36
283,209,1127.73
283,279,1052.97
284,204,940.43
284,207,532.97
284,215,1642.38
284,220,1821.84
284,224,942.07
284,225,1164.96
284,232,1163.53
284,240,238.61
284,245,6.96
284,247,1496.08
284,250,1650.63
284,256,1959.33
284,263,1618.37
285,242,561.5
286,311,879.66
286,314,1168.84
286,315,1547.05
286,318,27.76
286,336,725.91
286,342,925.55
286,353,1617.01
286,387,1380.67
286,867,1814.63
286,885,1608.77
286,906,1882.17
286,967,1525.82
286,1016,1550.53
287,301,1635.97
287,317,632.35
287,328,517.09
287,346,634.34
287,350,1513.22
287,357,1310.85
287,358,20.55
287,364,1309.74
287,382,1497.67
287,392,973.97
287,397,1639.0
288,138,1577.91
288,147,592.68
288,309,1638.67
288,335,698.58
288,362,715.39
288,363,57.38
288,368,326.28
288,406,603.13
288,694,1519.09
288,698,1513.82
289,306,1844.65
289,323,1778.42
289,360,948.81
290,293,1566.55
290,296,1224.22
290,303,529.34
290,311,1475.23
290,314,1155.03
290,315,763.47
290,342,1418.78
290,387,933.12
290,405,533.29
290,867,1613.18
290,885,1289.51
290,906,823.65
290,967,1221.48
290,971,1739.12
290,1016,1203.0
291,329,525.49
291,380,1432.82
291,409,1904.4
292,300,124.2
292,306,356.66
292,360,1252.47
292,374,1997.16
292,390,382.18
293,290,1566.55
293,296,352.07
293,303,1037.21
293,304,888.11
293,331,1952.46
293,356,882.58
293,402,1422.91
293,405,1034.14
294,322,1854.23
294,347,1308.16
294,354,52.32
294,378,945.59
294,384,1027.16
294,393,1321.82
295,302,1875.14
295,309,833.61
